7522311373503619807
9540557665550521055
9530489692503320632
7884988891427159587
2393290237872706017
1746670069855595049
8399335750609679156
5213791640899867316
11546162958117797309
15483149460590121911
16539914067445460176
12983782998237129001
13467818601493713303
849107394542275066
18165234932121678194
6618758292040629232
3832969938217006960
432730531216623079
453220201609851749
5678295736244351371
12091882461625478318
17937205399563956625
18178174478324597019
18072449814511970192
14741643503105602639
4129138001454618410
3017655927858970501
13569285086791177087
11514731897009433629
4308251700987288706
